9,10,0.35079646049359
10,35,0.477746934409
16,29,0.330407913079954
16,17,0.474088480439441
19,20,0.807587960835657
9,20,0.701326499558066
14,25,0.869770754344253
14,15,0.326067042590332
18,19,0.69536943707768
15,16,0.307296770219503
10,14,0.198765707214438
17,22,0.895863193551107
16,33,0.385302637588668
19,32,0.16843289509199
17,30,0.623565777765222
14,23,0.831457193270094
20,42,0.975164756004765
22,29,0.675575122630761
9,16,0.930709142936246
16,18,0.310724506769985
18,30,0.114804425217053
19,22,0.647092406785238
12,14,0.67483879759798
13,20,0.0941575768957858
21,39,0.676248009549598
15,17,0.900257548695341
11,13,0.477304272548967
14,15,0.297151555313784
1,16,0.479645555763272
14,18,0.653243718301319
19,21,0.30031745981857
9,16,0.447188936279936
20,32,0.434920650421774
11,12,0.662431573577036
17,34,0.277593027455841
17,19,0.203252251745798
20,36,0.431169031412476
14,15,0.321724109113939
20,33,0.508797030770327
14,35,0.82920787878396
15,37,0.574262158783384
18,19,0.892879721034206
14,47,0.581697711886991
10,18,0.723060417673501
17,31,0.0882356446000759
11,13,0.543718524492751
24,35,0.785223158620603
11,13,0.741548911624924
9,10,1
9,10,0.893764279874322
8,21,0.302974302332457
20,29,0.409921287226344
10,13,0.387980602983586
11,11,0.306282077044753
18,37,0.332897504206586
14,23,0.28315874605886
12,30,0.302093957837573
16,19,0.936758627026171
10,11,0.323718367897274
23,40,0.701013852609397
15,16,0.748509085450479
12,37,0.823215097341515
16,21,0.202620828450835
9,19,0.417716676337262
24,36,0.215951275814125
15,16,0.408020460498558
10,31,0.774539767908959
17,18,0.64940836334031
12,15,0.888761273205229
17,33,0.38752387397611
13,39,0.62637085983596
18,28,0.801130759677571
11,16,0.74746383255847
15,19,0.664348195837059
11,13,0.923831040947319
17,19,0.562000846504314
23,36,0.342137015883146
9,34,0.416819853557958
14,18,0.303677804775118
17,34,0.444260054291391
9,9,0.776025473098165
12,15,0.77465777610707
7,8,0.272328838266556
9,11,0.55078482603463
20,33,0.432084373722012
13,18,0.439566708981746
8,16,1
8,10,0.906177969276293
13,15,0.874849986260153
10,21,0.543499381830496
24,33,0.658774050690372
9,20,0.772631858186312
14,36,0.170712144059747
7,17,0.556273701957896
8,11,0.531814082853479
11,13,0.194393643168658
16,17,0.353230112219762
17,22,0.914463280614126
13,16,0.624668502047462
19,21,0.303962889570949
